$ 1 0.000005 0.9891409633455756 70 5 43 5e-11
165 208 192 336 192 6 5.999999940000001
g 208 480 208 512 0 0
R 272 160 272 96 0 0 40 6 0 0 0.5
w 272 160 336 160 0
w 336 224 336 160 0
w 208 320 208 288 0
c 208 432 208 480 0 1e-8 3.2296946728627765 0.001
g 304 352 304 384 0 0
409 416 448 528 448 1 0.6 -0.3618628833550528 0.0231 0
w 208 320 208 432 0
w 208 432 416 432 0
w 464 416 464 160 0
w 368 160 464 160 0
r 368 256 368 320 0 9000
174 368 320 368 368 1 10000 0.7673000000000001 Resistance
w 336 160 368 160 0
w 368 256 368 160 0
g 464 480 464 512 0 0
g 368 448 368 480 0 0
w 208 160 272 160 0
c 272 352 272 384 0 1e-8 3.999999999999999 0.001
g 272 384 272 400 0 0
w 416 464 416 352 0
w 384 352 416 352 0
w 464 160 640 160 0
w 640 352 640 160 0
r 592 448 592 512 0 10000
g 640 512 640 560 0 0
f 592 448 640 448 32 1.5 0.02
r 528 448 592 448 0 1000
w 592 512 640 512 0
w 640 464 640 512 0
162 640 352 640 432 2 default-led 1 0 0 0.01
O 208 432 160 432 0 0
r 368 384 368 448 0 9000
O 416 352 416 304 0 0
r 208 224 208 160 0 20000
r 208 288 208 224 0 20000
o 33 2 0 4098 10 0.1 0 3 35 0 32 0
