$ 1 0.000005 2.1831051418620846 63 5 43 5e-11
165 208 192 336 192 6 10.959999890400002
g 208 480 208 512 0 0
R 272 160 272 96 0 0 40 10.96 0 0 0.5
w 272 160 336 160 0
w 336 224 336 160 0
w 208 320 208 288 0
c 208 432 208 480 0 1.0900000000000004e-7 6.772660961713673 0.001
g 304 352 304 384 0 0
409 416 448 528 448 1 0.6 -0.40226167139381697 0.0231 0
w 208 320 208 432 0
w 208 432 416 432 0
w 464 416 464 160 0
r 368 256 368 320 0 50000
174 368 320 368 368 1 50000 0.49010000000000004 Resistance
r 208 224 208 160 0 4700
w 336 160 368 160 0
w 368 256 368 160 0
g 464 480 464 512 0 0
g 368 448 368 480 0 0
r 208 288 208 224 0 4700
w 208 160 272 160 0
c 272 352 272 384 0 1e-8 7.306666666666672 0.001
g 272 384 272 400 0 0
w 416 464 416 352 0
w 384 352 416 352 0
w 464 160 640 160 0
w 640 192 640 160 0
r 592 448 592 512 0 10000
g 640 512 640 560 0 0
f 592 448 640 448 32 1.5 0.02
r 528 448 592 448 0 1000
w 592 512 640 512 0
w 640 464 640 512 0
w 752 400 640 400 0
w 640 352 640 400 0
r 752 336 752 400 0 10
162 752 192 752 256 2 default-led 1 0 0 0.01
w 640 192 752 192 0
r 640 272 640 192 0 1000
w 640 272 688 272 0
w 640 320 640 272 0
w 752 288 752 336 0
w 688 336 752 336 0
t 688 336 640 336 0 1 -1.50294124173689 0.0000026527195853276453 100 default
f 688 272 752 272 32 1.5 0.02
w 640 400 640 432 0
r 368 384 368 448 0 50000
O 208 320 144 320 0 0
c 464 112 464 160 0 1.5e-7 -10.886771861900291 0.001
g 464 112 464 80 0 0
r 368 160 464 160 0 120
o 36 4 0 4099 2.5 0.1 0 2 36 3
o 47 8 0 4098 10 0.1 1 1
38 2 F1 0 4 16 -1 Voltage
38 6 F1 0 1e-8 0.0000010000000000000002 -1 Capacitance
